2108.849206837006
436.0
150.0
1
2109.849206837006
75.0
150.0
1
2257.849206837006
75.0
150.0
1
2255.849206837006
436.0
150.0
1
2406.849206837006
75.0
150.0
1
2404.849206837006
436.0
150.0
1
2527.849206837006
475.0
100.0
1
2604.849206837006
112.0
250.0
1
2623.849206837006
476.0
100.0
1
2683.849206837006
476.0
100.0
1
2803.849206837006
75.0
150.0
1
2805.849206837006
435.0
150.0
1
2932.755566141977
462.0
100.0
1
2931.755566141977
362.0
100.0
1
3031.755566141977
362.0
100.0
1
3031.755566141977
459.0
100.0
1
2931.755566141977
50.0
100.0
1
3030.755566141977
50.0
100.0
1
3180.755566141977
412.0
200.0
1
3130.755566141977
50.0
100.0
1
3255.755566141977
75.0
150.0
1
3263.755566141977
387.0
150.0
1
3288.755566141977
500.0
100.0
1
3412.755566141977
434.0
150.0
1
3429.755566141977
97.0
200.0
1
3536.755566141977
463.0
100.0
1
3636.755566141977
463.0
100.0
1
3654.755566141977
120.0
250.0
1
2914.4153366923174
436.0
150.0
1
2895.4153366923174
24.0
150.0
1
3736.597093683447
463.0
100.0
1
3847.597093683447
73.0
150.0
1
3096.597093683447
73.0
150.0
1
3848.597093683447
170.0
150.0
1
3840.9138798971594
463.0
100.0
1
3881.9138798971594
463.0
100.0
1
4001.9138798971594
72.0
150.0
1
4006.9138798971594
461.0
150.0
1
4155.91387989716
443.0
150.0
1
4150.91387989716
72.0
150.0
1
3200.2532843609547
98.0
100.0
1
3782.3787499924324
463.0
100.0
1
3919.3787499924324
97.0
100.0
1
3930.3787499924324
49.0
100.0
1
4299.378749992433
443.0
150.0
2
4299.378749992433
72.0
150.0
2
4442.568407440174
443.0
150.0
2
4440.568407440174
72.0
150.0
2
4589.568407440174
443.0
150.0
2
4589.568407440174
72.0
150.0
2
4714.933324489984
472
100
1
4714.933324489984
50
100
1
4810.933324489984
50
100
1
4813.933324489984
472
100
1
4910.933324489984
50
100
1
4913.933324489984
472
100
1
5010.933324489984
472
100
1
5009.933324489984
50
100
1
end
