7949.0
460.0
1
7850.0
460.0
1
7751.0
460.0
1
7651.0
460.0
1
7551.0
460.0
1
7451.0
460.0
1
7351.0
460.0
1
7251.0
460.0
1
7151.0
461.0
1
7051.0
460.0
1
6951.420977020268
461.0
1
6851.420977020268
461.0
1
6751.420977020268
460.0
1
6651.420977020268
461.0
1
6551.420977020268
461.0
1
6451.420977020268
461.0
1
6351.207570823034
462.0
1
6251.207570823034
462.0
1
6150.207570823034
462.0
1
6050.207570823034
462.0
1
5950.207570823034
462.0
1
5850.207570823034
462.0
1
5750.207570823034
462.0
1
5650.207570823034
462.0
1
5550.207570823034
462.0
1
5450.207570823034
462.0
1
5350.207570823034
462.0
1
5029.465398504335
338.0
2
4729.465398504335
230.0
2
4429.465398504335
130.0
2
4111.165573277087
461.0
1
4011.165573277087
461.0
1
3911.1655732770864
461.0
1
3811.1655732770864
461.0
1
3711.1655732770864
461.0
1
3611.1655732770864
461.0
1
3511.1655732770864
461.0
1
3267.05784738465
310.0
3
3068.05784738465
210.0
2
2754.987676072182
453.0
2
2684.987676072182
453.0
2
2490.987676072182
298.0
2
2199.1234901329526
418.0
3
2129.1234901329526
418.0
2
2059.1234901329526
418.0
2
1705.3693503459951
460.0
1
1605.3693503459951
461.0
1
1504.3693503459951
461.0
1
1403.3693503459951
461.0
1
1303.3693503459951
461.0
1
1203.3693503459951
461.0
1
1103.3693503459951
461.0
1
1003.3693503459951
461.0
1
903.3693503459951
461.0
1
803.3693503459951
461.0
1
703.3693503459951
461.0
1
603.3693503459951
461.0
1
503.3693503459951
461.0
1
403.3693503459951
461.0
1
303.3693503459951
461.0
1
203.3693503459951
461.0
1
103.3693503459951
461.0
1
3.3693503459951
461.0
1
end
