50.0
50.0
149.0
50.0
247.0
50.0
347.0
50.0
447.0
50.0
546.0
50.0
646.0
50.0
846.0
50.0
746.0
50.0
946.0
50.0
1048.6365000000028
50.0
1148.6365000000028
50.0
1247.6365000000028
50.0
8913.838396761796
50.0
9013.838396761796
50.0
9207.198224969687
50.0
9206.198224969687
50.0
9306.198224969687
50.0
9403.198224969687
50.0
9503.198224969687
50.0
9602.198224969687
50.0
9703.68660381633
50.0
9703.68660381633
50.0
9803.68660381633
50.0
9901.68660381633
50.0
10000.68660381633
50.0
9106.850242169681
50.0
end
