50.0
50.0
1
150.0
50.0
1
250.0
50.0
1
350.0
50.0
1
450.0
50.0
1
550.0
50.0
1
650.0
50.0
1
750.0
50.0
1
850.0
50.0
1
950.0
50.0
1
1051.9041000000084
50.0
1
1151.9041000000084
50.0
1
1251.9041000000084
50.0
1
1351.9041000000084
50.0
1
1451.9041000000084
50.0
1
1551.9041000000084
50.0
1
1654.442600000033
50
1
1754.442600000033
50
1
1855.442600000033
50
1
2006.442600000033
152
2
2137.442600000033
221
2
2296.442600000033
360
2
2364.442600000033
360
2
2434.442600000033
360
2
2504.442600000033
360
2
end
